4336
0 71887 71629 71591 71589 71588 71590 71597 71596 71488 71483 71472 71388 71387 71396 71444 71408 71342 71341 71268 71267 71255 71206 71188 71193 71187 71182 71179 71166 71131 70938 70867 70733 70735 70723 70697 70683 70684 70648 43751 43750 43749 43747 43744 43743 43739 43740 43738 43737 43735 43733 43716 43670 43666 43656 43641 43620 43597 43568 43532 43531 43530 43559 43546 43434 43415 43416 43349 43347 43336 43335 43328 43311 43296 43278 43258 43228 43220 43196 43158 43155 43135 43136 43125 43104 43096 43089 43069 43070 43061 43060 43012 42912 42871 42826 42814 42808 42769 42668 42643 42637 42636 42635 28121 28120 28119 28111 28091 28090 28085 28073 28079 28066 28058 28057 28072 28074 28083 28076 28077 28045 28048 28047 28004 27978 27920 27922 27921 27919 27913 27900 27885 27886 27868 27869 27792 27781 27766 27756 27770 27782 27776 27757 27747 27743 27744 27727 27726 27725 27723 27694 27684 27682 27683 27688 27693 27676 27671 27651 27648 27641 27644 27643 27642 27610 27586 27579 27573 27570 27542 27538 27518 27505 27501 27502 27507 27508 27506 27503 27504 27513 27516 27522 27531 27537 27539 27541 27535 27456 45608 11669 11661 11643 11637 11636 11631 11605 11594 11595 11596 11597 11599 11598 11600 11603 11584 11547 11549 11545 11525 11497 11482 11480 11449 11451 11453 11454 11452 11447 11437 11428 11421 11416 11414 11413 11388 87561 87509 87496 87490 87486 87478 87475 87453 87431 87418 87414 87392 87394 87388 87393 87396 87390 87391 87398 87400 87407 87417 87420 87434 87433 87432 87435 87438 87437 87441 87442 87445 87454 87458 87457 87450 87448 87444 87446 87449 87428 
2850
1000 913 866 831 826 774 769 767 764 766 765 763 725 714 698 695 686 634 632 628 614 615 597 580 570 521 517 510 508 507 446 393 387 379 371 365 288 259 258 214 203 196 191 170 168 142 77 17306 17256 17203 17199 71895 71883 71865 71860 71864 71884 71888 71893 71870 71805 71796 71768 71764 71759 71750 71746 71718 71701 71690 71656 71630 71615 71537 71440 71428 71391 71323 71312 71300 71240 71185 71138 71118 71092 71077 71075 71025 71020 71003 71002 70953 70924 70885 70884 70873 70863 70853 70827 70779 70772 70765 70752 70715 70602 70365 70294 70296 70293 70292 70202 70170 70165 70094 70058 70044 70040 70019 70009 81875 81870 81868 81855 81676 81582 81574 81492 81483 81404 81365 81313 81251 81249 81238 81209 81086 81084 81063 84571 84568 84567 84564 84563 84557 84556 84553 84549 84544 84542 84526 84517 84511 84481 84475 84472 84450 84442 84437 84431 84426 84419 84417 84413 84410 84407 84401 84390 84383 84365 84349 84342 84182 84161 84156 84133 84123 84122 84100 84078 84045 84020 84014 83981 83955 83941 83920 83917 83914 83889 83880 83874 83869 83866 83862 83849 83850 83840 83828 67373 67306 67248 67246 67238 67198 67209 67204 67113 67064 66887 66861 66814 66802 66776 66685 66628 66534 66526 66507 66440 66417 66347 66098 65990 65930 65916 65915 65905 65743 65550 65452 65414 65234 65207 65148 65126 65104 65022 65007 64828 64800 64553 64545 64514 64508 64503 64304 64296 64266 64246 64248 64247 64243 64241 64096 64083 63930 63888 63794 63758 63719 63718 63689 63669 52414 52384 52378 52357 52021 52013 51894 51831 51685 51597 51513 51511 51508 51498 51375 51155 51126 51048 50890 50797 50608 50497 50294 50331 50227 50096 50092 50100 50023 49985 49939 49892 49854 49919 49983 50000 
47
2000 1999 2004 2005 2023 2034 2046 2061 2059 2062 2081 2099 2128 2138 2160 2172 2171 2170 2169 2200 
47
2200 2169 2157 2159 2162 2160 2138 2128 2099 2081 2062 2059 2061 2046 2034 2023 2005 2001 1999 2000 
5684
6000 6018 6021 6055 6086 6127 6140 6144 6218 6235 6321 6352 6355 6370 6371 6379 6410 6430 6453 6457 6468 6479 6483 6486 6496 6518 6528 6531 6541 6549 6555 6563 6565 6573 6581 6606 6622 6609 6657 6673 6676 6693 6705 6723 6752 6763 6772 6786 6799 6810 6827 6838 6843 6847 6849 6874 6878 6899 6909 6920 6946 6963 6968 6969 6973 6988 6999 7004 7009 7271 7272 7320 7374 7376 7388 7384 7380 7383 7420 7421 7424 7430 7435 7452 7507 7506 7588 7637 7639 7640 7638 7645 7641 7642 7643 7649 7650 7651 7652 7646 7648 7647 7655 7707 7729 7734 7744 7747 7746 7775 7780 7796 7797 7800 7822 7830 7831 7853 7861 7869 7859 7858 7857 7855 7856 7860 7864 7878 7883 7941 7942 7889 7865 7866 7884 7887 1829 1825 1791 1792 1773 1781 1786 1775 1778 1799 1787 1766 1771 1774 1768 1784 1788 1785 1783 1772 1779 1780 1805 1807 1809 1814 1813 1819 1818 1816 1808 1804 1789 1777 1765 48032 48028 48026 48015 48014 48013 48027 48037 48059 48069 48107 48131 48139 48165 48166 48232 48303 48324 48321 48299 48294 48292 48259 48252 48198 48223 48226 48227 48228 48221 48222 48224 48231 48240 48257 48262 48267 48269 48273 48280 48283 48288 48291 48249 48219 48233 48306 48314 48317 48315 48318 48322 48325 48333 48338 48332 48307 48253 48157 48151 48144 48136 48124 48123 48122 48126 48125 48121 48173 48120 48106 72085 72000 72014 72041 72068 72064 72065 72063 72047 72027 72034 72035 72029 72030 72031 72032 72033 72028 72025 72011 72010 72007 72005 71997 71995 71991 71990 71989 71985 71984 71983 71994 71996 61549 61560 61562 61563 61581 61579 61577 61576 61572 61571 61565 61468 61432 61428 61427 61407 61406 61391 61384 61383 61397 61403 61387 61396 61393 61401 61426 61429 61433 61466 61501 61508 61505 61502 61504 61507 61506 61500 61487 61467 61470 61472 61498 61492 61493 61512 61521 61531 61544 61589 61608 61613 61612 61610 61611 61609 61614 61605 61604 61561 61547 61551 61541 61542 61543 61545 61546 61510 61489 61465 61461 61458 61459 61455 61453 61513 61519 61518 61516 61515 61588 3096 3084 3085 3093 3091 3072 3069 3058 3062 3066 3081 3083 3090 3095 3097 3122 3151 3170 3173 3181 3191 3212 3240 3242 3244 3245 3272 3276 3277 3285 3283 3194 3139 3114 3087 3086 3075 3064 3026 3009 3000 
650
50000 49978 50003 50004 50128 50127 50087 50098 50095 50013 49897 49991 50197 50200 50235 50246 50138 50144 50036 49993 49973 49937 49818 49875 49977 50052 50069 50032 50082 50057 50085 50073 50065 50063 50084 50093 50094 50101 50145 50160 50161 50182 50277 50305 50301 50362 50422 50572 50560 50547 50712 50730 50726 50682 50613 50588 50592 50759 50760 50753 50735 50729 50707 50711 50829 50842 50845 50853 50866 50873 50899 50933 50971 51060 51074 51061 51057 51030 51056 51053 51040 51001 50982 50979 50966 50981 50996 50968 50956 50953 50992 50984 50949 50954 51008 51036 51081 51080 51051 51063 51049 51013 51006 51005 51000 
2147
65000 65008 65009 65010 65001 64970 64946 64931 64918 64893 64856 64798 64779 64757 64743 64747 64761 64758 64751 64750 64748 64734 64703 64651 64628 64616 64637 64634 64633 64632 64624 64576 64525 64495 64506 64549 64552 64660 64753 64762 64776 64760 64756 64700 64723 64749 64689 64681 64669 64667 64720 64563 64569 64560 64559 64411 64388 64371 64366 64343 64314 64333 64311 64310 64307 64304 64296 64276 64235 64234 64232 64205 64203 64210 64209 64207 64194 64192 64184 64193 64199 64201 64196 64200 64208 64214 64217 64175 64174 64176 64178 64183 64202 64197 64198 58705 58715 58714 58728 58730 58734 58762 58765 58766 58764 58789 58796 58798 58801 58813 58816 58833 58820 58754 58741 58710 58709 58703 58696 58657 58635 58638 58637 58632 58630 58643 58614 58608 58599 58574 58563 58559 58554 58515 58514 58509 58500 58498 58497 58495 58468 58471 58494 58527 58552 58562 58544 58457 58355 58320 58270 58244 58223 58200 58185 58178 58170 58162 58153 58152 58148 58147 58151 58145 58131 24199 24190 24186 24185 24181 24180 24183 24172 24173 24164 24163 24141 24142 24165 24189 24210 24201 24202 24174 24138 24137 24135 24132 24106 24093 24090 24105 24159 24158 24157 24156 24184 24200 24218 24229 24231 24237 24239 24242 24247 24257 24260 24258 24256 24251 24252 22051 22050 22049 22048 22046 22026 22022 22020 22021 22023 22029 22030 22031 22032 22039 22037 22033 22034 22035 22019 22000 
5421
12345 12346 12361 12359 12357 12356 12358 12364 12348 12322 12274 12242 12240 12237 12239 12243 12244 12235 12236 12234 12232 12233 12227 12224 27715 27718 27712 27711 27691 27679 27677 27680 27681 27686 27687 27700 27702 27701 27692 27685 27708 27745 27767 27780 27806 27830 27829 27907 27943 27954 27912 27980 27981 27979 27956 27951 27952 27950 27953 27958 27968 27969 27970 27961 27942 27898 27894 27887 27889 27890 27903 27914 27909 27910 27936 27966 27964 27963 27962 27960 27959 27940 27945 27946 27948 27972 27955 27977 28020 28035 28028 28021 27872 27871 27860 27848 27849 27859 27875 27878 27876 27874 42483 42480 42481 42484 42485 42496 42498 42503 42505 42508 42509 42511 42517 42524 42525 42526 42528 42532 42544 42550 42555 42574 42575 42588 42610 42609 42608 42607 42606 42579 42561 42562 42566 42569 42571 42572 42573 42576 42577 42578 42583 42593 42625 42627 42641 42651 42655 42657 42659 42660 42663 42667 42661 42649 42653 42662 42669 42696 42682 42681 42685 42686 42689 42692 42691 42693 42695 42699 42701 23560 23559 23562 23564 23565 23567 23568 23571 23570 23561 23557 23553 23554 23547 23532 23531 23526 23502 23501 23499 23486 23483 23484 23485 23477 23476 23448 23446 23436 23426 23427 23428 23424 23423 23406 23404 23401 23372 23349 23348 23346 23317 23315 23312 25343 25342 25340 25326 25321 25325 25327 25323 25315 25303 25296 25293 25286 25284 25274 25251 25219 25211 25209 25203 25201 25198 25197 25181 25166 25161 25156 25146 25147 25148 25149 25150 25151 25145 25144 25143 25142 25141 25139 25138 25132 25131 25130 25126 25116 25113 25109 25108 25103 25084 25081 25076 25079 59990 59983 59978 59964 59963 59962 59956 59952 59948 59953 59954 59955 59940 59903 59902 59901 59900 59898 59887 59895 59897 59899 59896 59906 59907 59905 59883 59874 59859 59847 59843 59836 59816 59850 59844 59835 59833 59830 59820 59819 59810 59809 59815 59825 59827 59823 59817 59804 59811 59798 59803 59861 59858 59845 59826 59855 59864 59872 59867 59759 59740 59717 59724 59726 59725 59689 59674 59671 59669 59641 59632 59635 59647 59650 59646 59645 59651 59684 59681 59680 83808 83809 83810 83802 66562 66363 66358 66329 66343 66340 66414 66424 66373 66371 66389 66468 66498 66500 66549 66502 66494 66448 66435 66397 66277 66399 66400 66417 66422 66430 66439 66479 66531 66544 66540 66487 66554 66786 66800 66865 66883 66891 66930 66681 66682 66905 66821 66679 66622 66591 66573 66523 66505 66386 66376 66253 66204 66141 66126 66092 66090 66115 66121 66114 66075 66074 66016 66014 66009 65989 65987 65976 65981 65979 65963 65938 65894 65808 65783 65692 65634 65615 65554 65538 65529 65367 65364 65329 65294 65277 65177 65139 65135 65122 65112 65100 65072 65049 65024 64997 64987 64983 64968 64930 64914 64906 64902 64887 64886 46845 46844 46853 46889 46892 46890 46904 46934 46933 46916 46914 46922 46924 46928 46926 46927 46921 46920 46903 46812 46811 46816 46808 46804 46797 46776 46773 46777 46784 46787 46789 46782 46783 46785 46780 46779 46781 46772 46768 46769 46793 46796 53953 53935 53939 53940 53959 53986 53992 54004 54010 53996 54002 54012 54036 54056 54079 54091 54095 54129 54143 54154 54160 54221 54239 54252 54225 54237 54240 54257 54267 54276 54289 54307 54311 54310 54302 54297 54291 54321 
0
9999 
3
62860 62856 62850 62840 62834 62823 62808 62801 62809 
